<?xml version="1.0"?>
<opencv_storage>
<ip_172_16_9_52>
  <x>933</x>
  <y>12</y>
  <w>523</w>
  <h>1252</h></ip_172_16_9_52>
<ip_172_16_9_53>
  <x>361</x>
  <y>290</y>
  <w>1528</w>
  <h>800</h></ip_172_16_9_53>
<ip_172_16_9_54>
  <x>1764</x>
  <y>309</y>
  <w>512</w>
  <h>724</h></ip_172_16_9_54>
</opencv_storage>
