<?xml version="1.0"?>
<opencv_storage>
<ip_192_168_3_238>
  <x>583</x>
  <y>93</y>
  <w>679</w>
  <h>924</h></ip_192_168_3_238>
</opencv_storage>
