<?xml version="1.0"?>
<opencv_storage>
<ip_192_168_17_86>
  <x>272</x>
  <y>35</y>
  <w>1008</w>
  <h>2238</h></ip_192_168_17_86>
<ip_192_168_17_88>
  <x>1015</x>
  <y>28</y>
  <w>421</w>
  <h>979</h></ip_192_168_17_88>
<ip_10_16_9_54>
  <x>1097</x>
  <y>3</y>
  <w>1189</w>
  <h>1279</h></ip_10_16_9_54>
<ip_10_16_9_52>
  <x>931</x>
  <y>489</y>
  <w>521</w>
  <h>354</h></ip_10_16_9_52>
<ip_10_16_9_53>
  <x>361</x>
  <y>290</y>
  <w>1528</w>
  <h>800</h></ip_10_16_9_53>
</opencv_storage>
