<?xml version="1.0"?>
<opencv_storage>
<ip_192_168_17_88>
  <x>26</x>
  <y>28</y>
  <w>1244</w>
  <h>2249</h></ip_192_168_17_88>
<ip_192_168_17_91>
  <x>317</x>
  <y>285</y>
  <w>1968</w>
  <h>1013</h></ip_192_168_17_91>
<ip_192_168_17_87>
  <x>173</x>
  <y>1431</y>
  <w>829</w>
  <h>842</h></ip_192_168_17_87>
<ip_192_168_17_86>
  <x>272</x>
  <y>35</y>
  <w>1008</w>
  <h>2238</h></ip_192_168_17_86>
</opencv_storage>
