<?xml version="1.0"?>
<opencv_storage>
<ip_192_168_17_87>
  <x>173</x>
  <y>1431</y>
  <w>829</w>
  <h>842</h></ip_192_168_17_87>
<ip_192_168_17_86>
  <x>272</x>
  <y>35</y>
  <w>1008</w>
  <h>2238</h></ip_192_168_17_86>
<ip_192_168_17_88>
  <x>1015</x>
  <y>28</y>
  <w>421</w>
  <h>979</h></ip_192_168_17_88>
</opencv_storage>
