<?xml version="1.0"?>
<opencv_storage>
<ip_192_168_3_238>
  <x>583</x>
  <y>93</y>
  <w>679</w>
  <h>924</h></ip_192_168_3_238>
<ip_172_16_9_45>
  <x>24</x>
  <y>6</y>
  <w>1866</w>
  <h>1046</h></ip_172_16_9_45>
</opencv_storage>
