<?xml version="1.0"?>
<opencv_storage>
<ip_10_16_9_54>
  <x>1019</x>
  <y>24</y>
  <w>1257</w>
  <h>1140</h></ip_10_16_9_54>
<ip_10_16_9_52>
  <x>931</x>
  <y>489</y>
  <w>521</w>
  <h>354</h></ip_10_16_9_52>
<ip_10_16_9_53>
  <x>361</x>
  <y>290</y>
  <w>1528</w>
  <h>800</h></ip_10_16_9_53>
</opencv_storage>
