<?xml version="1.0"?>
<opencv_storage>
<ip_172_16_9_45>
  <x>912</x>
  <y>250</y>
  <w>384</w>
  <h>202</h></ip_172_16_9_45>
<ip_192_168_3_238>
  <x>860</x>
  <y>157</y>
  <w>592</w>
  <h>483</h></ip_192_168_3_238>
<ip_192_168_17_88>
  <x>14</x>
  <y>21</y>
  <w>1270</w>
  <h>2266</h></ip_192_168_17_88>
<ip_192_168_17_91>
  <x>865</x>
  <y>22</y>
  <w>1079</w>
  <h>1022</h></ip_192_168_17_91>
<ip_192_168_17_86>
  <x>474</x>
  <y>4</y>
  <w>810</w>
  <h>2290</h></ip_192_168_17_86>
<ip_192_168_17_87>
  <x>173</x>
  <y>1431</y>
  <w>829</w>
  <h>842</h></ip_192_168_17_87>
</opencv_storage>
